---
startPose:
  x: -24.0
  y: -63.13
  heading: 0.0
startHeading: 1.5707963267948966
steps:
- pose:
    x: 50.75
    y: -32.88
    heading: 0.0
  interpolationType: "LINEAR"
  heading: -1.5707963267948966
resolution: 0.25
version: 2
