---
startPose:
  x: -32.88
  y: -63.13
  heading: -4.101523742186674
startHeading: 1.5707963267948966
steps:
- pose:
    x: -40.0
    y: -8.0
    heading: 1.5707963267948966
  interpolationType: "LINEAR"
  heading: -3.141592653589793
resolution: 0.25
version: 2
